4.988850753736801202e+00
4.986218773720801245e+00
4.980333487489603250e+00
4.975690853656799639e+00
4.970573568844010026e+00
4.965637584572781371e+00
4.960632349656854956e+00
4.955653566133461752e+00
4.950664679077169339e+00
4.945679651227038676e+00
4.940693149291321973e+00
4.935707210406198087e+00
4.930721056454885343e+00
4.925734984651546355e+00
4.920748881470474956e+00
4.915762790274630589e+00
4.910776694500837536e+00
4.905790600475665286e+00
4.900804505782579312e+00
4.895818411344611931e+00
4.890832316809198943e+00
4.885846222311005960e+00
4.880860127798596793e+00
4.875874033291617060e+00
4.870887938782564319e+00
4.865901844274303834e+00
4.860915749765739591e+00
4.855929655257291699e+00
4.850943560748799399e+00
4.845957466240324862e+00
4.840971371731843220e+00
4.835985277223363354e+00
4.830999182714883489e+00
4.826013088206403623e+00
4.821026993697922869e+00
4.816040899189442115e+00
4.811054804680961361e+00
4.806068710172480607e+00
4.801082615663998965e+00
4.796096521155518211e+00
4.791110426647037457e+00
4.786124332138556703e+00
4.781138237630075949e+00
4.776152143121596083e+00
4.771166048613114441e+00
4.766179954104633687e+00
4.761193859596152045e+00
4.756207765087671291e+00
4.751221670579189649e+00
4.746235576070708895e+00
4.741249481562228141e+00
4.736263387053747387e+00
4.731277292545266633e+00
4.726291198036784991e+00
4.721305103528304237e+00
4.716319009019822595e+00
4.711332914511341841e+00
4.706346820002861087e+00
4.701360725494380333e+00
4.696374630985900467e+00
4.691388536477419713e+00
4.686402441968938959e+00
4.681416347460457317e+00
4.676430252951977451e+00
4.671444158443496697e+00
4.666458063935015943e+00
4.661471969426535189e+00
4.656485874918054435e+00
4.651499780409573681e+00
4.646513685901092927e+00
4.641527591392613061e+00
4.636541496884133196e+00
4.631555402375652442e+00
4.626569307867171688e+00
4.621583213358691822e+00
4.616597118850211956e+00
4.611611024341732090e+00
4.606624929833252224e+00
4.601638835324772359e+00
4.596652740816292493e+00
4.591666646307812627e+00
4.586680551799332761e+00
4.581694457290853784e+00
4.576708362782373918e+00
4.571722268273894940e+00
4.566736173765415074e+00
4.561750079256935209e+00
4.556763984748455343e+00
4.551777890239975477e+00
4.546791795731495611e+00
4.541805701223015745e+00
4.536819606714535880e+00
4.531833512206056014e+00
4.526847417697576148e+00
4.521861323189096282e+00
4.516875228680616416e+00
4.511889134172136551e+00
4.506903039663654909e+00
4.501916945155175043e+00
4.496930850646694289e+00
4.491944756138213535e+00
4.486958661629733669e+00
4.481972567121252915e+00
4.476986472612773049e+00
4.472000378104292295e+00
4.467014283595812429e+00
4.462028189087332564e+00
4.457042094578851810e+00
4.452056000070371944e+00
4.447069905561891190e+00
4.442083811053411324e+00
4.437097716544930570e+00
4.432111622036449816e+00
4.427125527527969950e+00
4.422139433019490085e+00
4.417153338511008442e+00
4.412167244002527688e+00
4.407181149494046934e+00
4.402195054985565292e+00
4.397208960477083650e+00
4.392222865968602008e+00
4.387236771460120366e+00
4.382250676951638724e+00
4.377264582443157082e+00
4.372278487934675439e+00
4.367292393426193797e+00
4.362306298917712155e+00
4.357320204409230513e+00
4.352334109900748871e+00
4.347348015392266340e+00
4.342361920883784698e+00
4.337375826375301280e+00
4.332389731866818749e+00
4.327403637358336219e+00
4.322417542849853689e+00
4.317431448341371159e+00
4.312445353832888628e+00
4.307459259324406098e+00
4.302473164815923568e+00
4.297487070307441925e+00
4.292500975798959395e+00
4.287514881290476865e+00
4.282528786781994334e+00
4.277542692273511804e+00
4.272556597765028386e+00
4.267570503256544967e+00
4.262584408748061549e+00
4.257598314239579018e+00
4.252612219731096488e+00
4.247626125222614846e+00
4.242640030714133204e+00
4.237653936205650673e+00
4.232667841697168143e+00
4.227681747188686501e+00
4.222695652680205747e+00
4.217709558171723216e+00
4.212723463663242462e+00
4.207737369154759932e+00
4.202751274646279178e+00
4.197765180137798424e+00
4.192779085629316782e+00
4.187792991120835140e+00
4.182806896612353498e+00
4.177820802103871856e+00
4.172834707595389325e+00
4.167848613086907683e+00
4.162862518578426041e+00
4.157876424069944399e+00
4.152890329561462757e+00
4.147904235052981115e+00
4.142918140544498584e+00
4.137932046036016942e+00
4.132945951527535300e+00
4.127959857019053658e+00
4.122973762510572016e+00
4.117987668002090373e+00
4.113001573493608731e+00
4.108015478985127089e+00
4.103029384476645447e+00
4.098043289968162917e+00
4.093057195459681274e+00
4.088071100951199632e+00
4.083085006442717990e+00
4.078098911934237236e+00
4.073112817425755594e+00
4.068126722917273952e+00
4.063140628408792310e+00
4.058154533900309779e+00
4.053168439391828137e+00
4.048182344883345607e+00
4.043196250374863965e+00
4.038210155866381434e+00
4.033224061357900680e+00
4.028237966849417262e+00
4.023251872340936508e+00
4.018265777832453978e+00
4.013279683323972336e+00
4.008293588815490693e+00
4.003307494307008163e+00
3.998321399798526521e+00
3.993335305290043991e+00
3.988349210781561460e+00
3.983363116273078930e+00
3.978377021764597288e+00
3.973390927256113869e+00
3.968404832747631339e+00
3.963418738239148809e+00
3.958432643730667166e+00
3.953446549222185080e+00
3.948460454713702994e+00
3.943474360205220908e+00
3.938488265696738821e+00
3.933502171188256291e+00
3.928516076679773761e+00
3.923529982171291230e+00
3.918543887662808700e+00
3.913557793154326170e+00
3.908571698645843639e+00
3.903585604137361109e+00
3.898599509628878579e+00
3.893613415120396049e+00
3.888627320611913518e+00
3.883641226103430100e+00
3.878655131594946681e+00
3.873669037086463263e+00
3.868682942577980732e+00
3.863696848069498202e+00
3.858710753561014783e+00
3.853724659052531809e+00
3.848738564544048391e+00
3.843752470035565416e+00
3.838766375527081109e+00
3.833780281018598135e+00
3.828794186510114272e+00
3.823808092001631298e+00
3.818821997493148324e+00
3.813835902984665349e+00
3.808849808476181487e+00
3.803863713967698512e+00
3.798877619459215538e+00
3.793891524950732119e+00
3.788905430442248701e+00
3.783919335933765282e+00
3.778933241425281420e+00
3.773947146916797113e+00
3.768961052408313250e+00
3.763974957899829832e+00
3.758988863391346413e+00
3.754002768882862995e+00
3.749016674374379576e+00
3.744030579865895714e+00
3.739044485357411851e+00
3.734058390848928433e+00
3.729072296340444126e+00
3.724086201831959819e+00
3.719100107323475957e+00
3.714114012814991206e+00
3.709127918306507787e+00
3.704141823798023481e+00
3.699155729289539174e+00
3.694169634781055755e+00
3.689183540272571005e+00
3.684197445764087142e+00
3.679211351255602835e+00
3.674225256747118973e+00
3.669239162238635110e+00
3.664253067730150804e+00
3.659266973221667385e+00
3.654280878713183078e+00
3.649294784204698772e+00
3.644308689696215353e+00
3.639322595187731491e+00
3.634336500679247628e+00
3.629350406170763321e+00
3.624364311662279015e+00
3.619378217153795152e+00
3.614392122645310845e+00
3.609406028136826539e+00
3.604419933628342232e+00
3.599433839119857925e+00
3.594447744611373619e+00
3.589461650102888868e+00
3.584475555594404561e+00
3.579489461085919810e+00
3.574503366577435948e+00
3.569517272068951641e+00
3.564531177560467334e+00
3.559545083051983916e+00
3.554558988543499609e+00
3.549572894035015302e+00
3.544586799526530996e+00
3.539600705018047577e+00
3.534614610509563271e+00
3.529628516001078964e+00
3.524642421492594657e+00
3.519656326984110351e+00
3.514670232475626044e+00
3.509684137967141737e+00
3.504698043458657430e+00
3.499711948950173568e+00
3.494725854441690149e+00
3.489739759933206731e+00
3.484753665424723312e+00
3.479767570916239450e+00
3.474781476407756031e+00
3.469795381899272613e+00
3.464809287390789194e+00
3.459823192882305776e+00
3.454837098373822357e+00
3.449851003865339827e+00
3.444864909356856408e+00
3.439878814848373878e+00
3.434892720339891348e+00
3.429906625831408817e+00
3.424920531322926287e+00
3.419934436814443757e+00
3.414948342305961226e+00
3.409962247797478696e+00
3.404976153288996610e+00
3.399990058780513635e+00
3.395003964272031105e+00
3.390017869763548575e+00
3.385031775255065600e+00
3.380045680746582626e+00
3.375059586238099651e+00
3.370073491729616677e+00
3.365087397221133259e+00
3.360101302712649840e+00
3.355115208204166422e+00
3.350129113695683003e+00
3.345143019187199585e+00
3.340156924678716610e+00
3.335170830170233636e+00
3.330184735661750217e+00
3.325198641153266799e+00
3.320212546644783380e+00
3.315226452136300406e+00
3.310240357627816543e+00
3.305254263119333125e+00
3.300268168610849262e+00
3.295282074102365399e+00
3.290295979593881981e+00
3.285309885085398562e+00
3.280323790576915588e+00
3.275337696068431725e+00
3.270351601559948307e+00
3.265365507051464888e+00
3.260379412542981470e+00
3.255393318034498495e+00
3.250407223526014633e+00
3.245421129017532103e+00
3.240435034509049572e+00
3.235448940000567042e+00
3.230462845492084512e+00
3.225476750983601981e+00
3.220490656475119451e+00
3.215504561966636921e+00
3.210518467458153946e+00
3.205532372949670972e+00
3.200546278441188441e+00
3.195560183932705023e+00
3.190574089424222493e+00
3.185587994915739962e+00
3.180601900407256988e+00
3.175615805898774013e+00
3.170629711390291483e+00
3.165643616881808953e+00
3.160657522373326422e+00
3.155671427864843448e+00
3.150685333356360474e+00
3.145699238847877943e+00
3.140713144339395413e+00
3.135727049830912883e+00
3.130740955322430352e+00
3.125754860813947822e+00
3.120768766305465736e+00
3.115782671796983649e+00
3.110796577288501119e+00
3.105810482780018145e+00
3.100824388271535170e+00
3.095838293763052640e+00
3.090852199254570110e+00
3.085866104746087579e+00
3.080880010237605049e+00
3.075893915729122519e+00
3.070907821220639988e+00
3.065921726712157458e+00
3.060935632203675372e+00
3.055949537695193285e+00
3.050963443186711643e+00
3.045977348678229557e+00
3.040991254169747027e+00
3.036005159661265385e+00
3.031019065152782854e+00
3.026032970644301656e+00
3.021046876135819126e+00
3.016060781627337928e+00
3.011074687118856730e+00
3.006088592610375088e+00
3.001102498101893445e+00
2.996116403593411803e+00
2.991130309084930161e+00
2.986144214576448963e+00
2.981158120067967765e+00
2.976172025559486567e+00
2.971185931051005369e+00
2.966199836542524615e+00
2.961213742034043861e+00
2.956227647525563107e+00
2.951241553017082797e+00
2.946255458508602043e+00
2.941269364000120845e+00
2.936283269491640091e+00
2.931297174983159337e+00
2.926311080474678139e+00
2.921324985966196941e+00
2.916338891457716187e+00
2.911352796949234989e+00
2.906366702440753791e+00
2.901380607932273037e+00
2.896394513423792283e+00
2.891408418915311529e+00
2.886422324406830775e+00
2.881436229898349133e+00
2.876450135389868379e+00
2.871464040881387625e+00
2.866477946372905983e+00
2.861491851864425229e+00
2.856505757355944031e+00
2.851519662847462833e+00
2.846533568338982079e+00
2.841547473830501325e+00
2.836561379322020571e+00
2.831575284813539373e+00
2.826589190305059063e+00
2.821603095796578309e+00
2.816617001288097111e+00
2.811630906779615913e+00
2.806644812271135159e+00
2.801658717762653517e+00
2.796672623254172763e+00
2.791686528745692009e+00
2.786700434237210811e+00
2.781714339728729612e+00
2.776728245220248414e+00
2.771742150711767216e+00
2.766756056203286018e+00
2.761769961694804820e+00
2.756783867186324066e+00
2.751797772677843312e+00
2.746811678169362114e+00
2.741825583660880916e+00
2.736839489152399274e+00
2.731853394643918076e+00
2.726867300135437322e+00
2.721881205626956124e+00
2.716895111118474926e+00
2.711909016609994616e+00
2.706922922101513862e+00
2.701936827593032664e+00
2.696950733084551910e+00
2.691964638576071156e+00
2.686978544067590402e+00
2.681992449559109204e+00
2.677006355050628450e+00
2.672020260542147696e+00
2.667034166033666942e+00
2.662048071525186188e+00
2.657061977016704990e+00
2.652075882508223792e+00
2.647089787999742150e+00
2.642103693491261396e+00
2.637117598982779754e+00
2.632131504474299000e+00
2.627145409965817358e+00
2.622159315457336604e+00
2.617173220948855406e+00
2.612187126440374207e+00
2.607201031931893009e+00
2.602214937423411811e+00
2.597228842914930613e+00
2.592242748406449415e+00
2.587256653897968217e+00
2.582270559389487019e+00
2.577284464881006265e+00
2.572298370372525067e+00
2.567312275864043869e+00
2.562326181355563115e+00
2.557340086847082361e+00
2.552353992338602051e+00
2.547367897830121741e+00
2.542381803321640987e+00
2.537395708813160677e+00
2.532409614304679923e+00
2.527423519796199169e+00
2.522437425287718415e+00
2.517451330779237662e+00
2.512465236270756463e+00
2.507479141762275265e+00
2.502493047253794067e+00
2.497506952745313313e+00
2.492520858236831671e+00
2.487534763728350917e+00
2.482548669219869719e+00
2.477562574711388521e+00
2.472576480202906879e+00
2.467590385694425681e+00
2.462604291185944039e+00
2.457618196677462841e+00
2.452632102168981643e+00
2.447646007660500445e+00
2.442659913152019246e+00
2.437673818643537604e+00
2.432687724135056406e+00
2.427701629626574764e+00
2.422715535118093566e+00
2.417729440609612368e+00
2.412743346101130726e+00
2.407757251592649528e+00
2.402771157084168330e+00
2.397785062575686688e+00
2.392798968067205490e+00
2.387812873558724291e+00
2.382826779050242649e+00
2.377840684541761895e+00
2.372854590033280697e+00
2.367868495524799499e+00
2.362882401016318301e+00
2.357896306507837103e+00
2.352910211999355905e+00
2.347924117490874707e+00
2.342938022982393509e+00
2.337951928473912311e+00
2.332965833965430669e+00
2.327979739456949027e+00
2.322993644948467384e+00
2.318007550439985742e+00
2.313021455931504544e+00
2.308035361423023346e+00
2.303049266914542148e+00
2.298063172406060950e+00
2.293077077897580196e+00
2.288090983389099442e+00
2.283104888880618688e+00
2.278118794372138378e+00
2.273132699863657180e+00
2.268146605355177314e+00
2.263160510846696560e+00
2.258174416338215806e+00
2.253188321829735052e+00
2.248202227321254743e+00
2.243216132812774433e+00
2.238230038304294123e+00
2.233243943795814257e+00
2.228257849287333947e+00
2.223271754778854081e+00
2.218285660270373327e+00
2.213299565761893462e+00
2.208313471253412708e+00
2.203327376744931954e+00
2.198341282236451200e+00
2.193355187727970002e+00
2.188369093219488803e+00
2.183382998711008049e+00
2.178396904202527296e+00
2.173410809694046097e+00
2.168424715185564899e+00
2.163438620677084145e+00
2.158452526168603391e+00
2.153466431660122637e+00
2.148480337151641884e+00
2.143494242643161574e+00
2.138508148134681264e+00
2.133522053626200954e+00
2.128535959117721088e+00
2.123549864609240778e+00
2.118563770100760912e+00
2.113577675592281047e+00
2.108591581083801625e+00
2.103605486575321759e+00
2.098619392066841893e+00
2.093633297558362028e+00
2.088647203049882162e+00
2.083661108541402296e+00
2.078675014032922430e+00
2.073688919524443008e+00
2.068702825015963143e+00
2.063716730507483277e+00
2.058730635999003411e+00
2.053744541490523545e+00
2.048758446982043679e+00
2.043772352473564258e+00
2.038786257965084836e+00
2.033800163456604970e+00
2.028814068948125549e+00
2.023827974439646127e+00
2.018841879931166705e+00
2.013855785422687283e+00
2.008869690914208306e+00
2.003883596405728884e+00
1.998897501897249462e+00
1.993911407388770041e+00
1.988925312880291063e+00
1.983939218371811641e+00
1.978953123863332664e+00
1.973967029354853242e+00
1.968980934846373820e+00
1.963994840337894843e+00
1.959008745829415643e+00
1.954022651320936443e+00
1.949036556812457022e+00
1.944050462303978044e+00
1.939064367795499066e+00
1.934078273287019645e+00
1.929092178778540445e+00
1.924106084270060801e+00
1.919119989761581602e+00
1.914133895253102402e+00
1.909147800744622980e+00
1.904161706236143559e+00
1.899175611727664137e+00
1.894189517219184937e+00
1.889203422710705293e+00
1.884217328202226094e+00
1.879231233693746450e+00
1.874245139185267028e+00
1.869259044676787607e+00
1.864272950168308185e+00
1.859286855659828763e+00
1.854300761151349342e+00
1.849314666642869920e+00
1.844328572134390054e+00
1.839342477625910632e+00
1.834356383117430767e+00
1.829370288608951123e+00
1.824384194100471479e+00
1.819398099591991613e+00
1.814412005083511970e+00
1.809425910575032104e+00
1.804439816066552460e+00
1.799453721558072594e+00
1.794467627049593172e+00
1.789481532541113307e+00
1.784495438032633885e+00
1.779509343524154463e+00
1.774523249015675042e+00
1.769537154507195842e+00
1.764551059998716642e+00
1.759564965490237665e+00
1.754578870981758687e+00
1.749592776473279709e+00
1.744606681964800732e+00
1.739620587456321754e+00
1.734634492947842777e+00
1.729648398439364243e+00
1.724662303930884821e+00
1.719676209422406288e+00
1.714690114913927310e+00
1.709704020405448333e+00
1.704717925896969577e+00
1.699731831388490377e+00
1.694745736880011622e+00
1.689759642371532866e+00
1.684773547863053889e+00
1.679787453354574911e+00
1.674801358846095933e+00
1.669815264337616734e+00
1.664829169829137534e+00
1.659843075320658556e+00
1.654856980812179357e+00
1.649870886303700379e+00
1.644884791795221624e+00
1.639898697286742646e+00
1.634912602778263890e+00
1.629926508269785135e+00
1.624940413761306379e+00
1.619954319252827624e+00
1.614968224744349090e+00
1.609982130235870335e+00
1.604996035727391579e+00
1.600009941218912823e+00
1.595023846710433846e+00
1.590037752201955090e+00
1.585051657693476113e+00
1.580065563184997357e+00
1.575079468676518601e+00
1.570093374168039846e+00
1.565107279659561090e+00
1.560121185151082113e+00
1.555135090642602913e+00
1.550148996134123713e+00
1.545162901625644292e+00
1.540176807117165092e+00
1.535190712608685892e+00
1.530204618100206693e+00
1.525218523591727271e+00
1.520232429083247849e+00
1.515246334574768650e+00
1.510260240066289006e+00
1.505274145557809806e+00
1.500288051049330385e+00
1.495301956540850963e+00
1.490315862032371541e+00
1.485329767523892119e+00
1.480343673015412698e+00
1.475357578506933276e+00
1.470371483998453854e+00
1.465385389489974433e+00
1.460399294981494789e+00
1.455413200473015145e+00
1.450427105964535501e+00
1.445441011456055858e+00
1.440454916947575992e+00
1.435468822439096570e+00
1.430482727930616704e+00
1.425496633422136838e+00
1.420510538913657195e+00
1.415524444405177551e+00
1.410538349896698129e+00
1.405552255388218708e+00
1.400566160879739064e+00
1.395580066371259864e+00
1.390593971862780442e+00
1.385607877354301021e+00
1.380621782845821599e+00
1.375635688337342177e+00
1.370649593828862756e+00
1.365663499320383112e+00
1.360677404811903246e+00
1.355691310303423380e+00
1.350705215794943737e+00
1.345719121286463649e+00
1.340733026777983783e+00
1.335746932269504139e+00
1.330760837761024273e+00
1.325774743252544852e+00
1.320788648744064986e+00
1.315802554235585564e+00
1.310816459727106142e+00
1.305830365218626277e+00
1.300844270710146855e+00
1.295858176201666989e+00
1.290872081693187567e+00
1.285885987184707702e+00
1.280899892676227836e+00
1.275913798167747970e+00
1.270927703659268104e+00
1.265941609150788238e+00
1.260955514642308373e+00
1.255969420133828507e+00
1.250983325625348863e+00
1.245997231116868553e+00
1.241011136608388465e+00
1.236025042099908156e+00
1.231038947591428068e+00
1.226052853082947980e+00
1.221066758574467892e+00
1.216080664065987804e+00
1.211094569557507716e+00
1.206108475049027629e+00
1.201122380540547319e+00
1.196136286032067009e+00
1.191150191523586699e+00
1.186164097015106389e+00
1.181178002506626079e+00
1.176191907998145769e+00
1.171205813489665459e+00
1.166219718981185149e+00
1.161233624472704840e+00
1.156247529964224530e+00
1.151261435455744220e+00
1.146275340947263910e+00
1.141289246438783600e+00
1.136303151930303290e+00
1.131317057421822758e+00
1.126330962913342226e+00
1.121344868404861916e+00
1.116358773896381384e+00
1.111372679387901297e+00
1.106386584879420765e+00
1.101400490370940677e+00
1.096414395862460367e+00
1.091428301353980501e+00
1.086442206845500191e+00
1.081456112337020103e+00
1.076470017828539794e+00
1.071483923320059484e+00
1.066497828811579174e+00
1.061511734303098642e+00
1.056525639794618332e+00
1.051539545286137800e+00
1.046553450777657268e+00
1.041567356269176736e+00
1.036581261760696204e+00
1.031595167252215450e+00
1.026609072743734918e+00
1.021622978235254386e+00
1.016636883726773632e+00
1.011650789218293323e+00
1.006664694709812569e+00
1.001678600201332037e+00
9.966925056928511717e-01
9.917064111843707508e-01
9.867203166758899968e-01
9.817342221674094649e-01
9.767481276589289330e-01
9.717620331504484010e-01
9.667759386419680911e-01
9.617898441334875592e-01
9.568037496250072493e-01
9.518176551165269395e-01
9.468315606080465185e-01
9.418454660995663197e-01
9.368593715910857878e-01
9.318732770826053669e-01
9.268871825741249459e-01
9.219010880656441920e-01
9.169149935571638821e-01
9.119288990486832391e-01
9.069428045402027072e-01
9.019567100317220643e-01
8.969706155232414213e-01
8.919845210147607784e-01
8.869984265062803575e-01
8.820123319977997145e-01
8.770262374893191826e-01
8.720401429808384286e-01
8.670540484723578967e-01
8.620679539638773647e-01
8.570818594553968328e-01
8.520957649469164119e-01
8.471096704384361020e-01
8.421235759299555701e-01
8.371374814214751492e-01
8.321513869129947283e-01
8.271652924045143074e-01
8.221791978960337755e-01
8.171931033875533545e-01
8.122070088790729336e-01
8.072209143705925127e-01
8.022348198621120918e-01
7.972487253536317819e-01
7.922626308451514721e-01
7.872765363366712732e-01
7.822904418281910743e-01
7.773043473197106534e-01
7.723182528112304546e-01
7.673321583027500337e-01
7.623460637942698348e-01
7.573599692857895249e-01
7.523738747773094371e-01
7.473877802688291272e-01
7.424016857603488173e-01
7.374155912518685074e-01
7.324294967433881975e-01
7.274434022349077766e-01
7.224573077264275778e-01
7.174712132179472679e-01
7.124851187094671801e-01
7.074990242009870922e-01
7.025129296925070044e-01
6.975268351840271386e-01
6.925407406755471618e-01
6.875546461670671849e-01
6.825685516585873192e-01
6.775824571501074534e-01
6.725963626416275876e-01
6.676102681331477218e-01
6.626241736246678560e-01
6.576380791161879902e-01
6.526519846077081244e-01
6.476658900992281476e-01
6.426797955907481708e-01
6.376937010822683050e-01
6.327076065737884392e-01
6.277215120653085734e-01
6.227354175568287076e-01
6.177493230483488418e-01
6.127632285398688650e-01
6.077771340313888881e-01
6.027910395229088003e-01
5.978049450144288235e-01
5.928188505059487357e-01
5.878327559974687588e-01
5.828466614889886710e-01
5.778605669805086942e-01
5.728744724720286063e-01
5.678883779635485185e-01
5.629022834550684307e-01
5.579161889465883428e-01
5.529300944381082550e-01
5.479439999296281671e-01
5.429579054211480793e-01
5.379718109126679915e-01
5.329857164041879036e-01
5.279996218957078158e-01
5.230135273872277279e-01
5.180274328787476401e-01
5.130413383702674412e-01
5.080552438617873534e-01
5.030691493533071545e-01
4.980830548448270112e-01
4.930969603363468678e-01
4.881108658278666690e-01
4.831247713193865811e-01
4.781386768109064378e-01
4.731525823024262944e-01
4.681664877939461511e-01
4.631803932854659522e-01
4.581942987769858089e-01
4.532082042685055545e-01
4.482221097600253001e-01
4.432360152515451568e-01
4.382499207430649024e-01
4.332638262345847591e-01
4.282777317261045602e-01
4.232916372176244169e-01
4.183055427091442180e-01
4.133194482006639636e-01
4.083333536921837092e-01
4.033472591837035659e-01
3.983611646752233115e-01
3.933750701667430572e-01
3.883889756582628028e-01
3.834028811497826039e-01
3.784167866413024051e-01
3.734306921328222062e-01
3.684445976243420073e-01
3.634585031158618085e-01
3.584724086073816096e-01
3.534863140989014108e-01
3.485002195904212119e-01
3.435141250819410130e-01
3.385280305734608142e-01
3.335419360649806153e-01
3.285558415565004164e-01
3.235697470480202176e-01
3.185836525395399632e-01
3.135975580310597643e-01
3.086114635225795100e-01
3.036253690140992001e-01
2.986392745056189457e-01
2.936531799971386913e-01
2.886670854886584925e-01
2.836809909801782381e-01
2.786948964716980393e-01
2.737088019632177849e-01
2.687227074547375305e-01
2.637366129462572761e-01
2.587505184377769663e-01
2.537644239292967119e-01
2.487783294208164020e-01
2.437922349123361476e-01
2.388061404038558100e-01
2.338200458953755001e-01
2.288339513868951625e-01
2.238478568784148526e-01
2.188617623699344872e-01
2.138756678614541773e-01
2.088895733529738674e-01
2.039034788444935575e-01
1.989173843360132476e-01
1.939312898275329378e-01
1.889451953190526279e-01
1.839591008105723180e-01
1.789730063020920081e-01
1.739869117936116982e-01
1.690008172851314716e-01
1.640147227766509119e-01
1.590286282681712959e-01
1.540425337596891819e-01
1.490564392512135072e-01
1.440703447427209571e-01
1.390842502342725939e-01
1.340981557257086010e-01
1.291120612174472548e-01
1.241259667083935980e-01
1.191398722014142125e-01
1.141537776890042821e-01
1.091676831908117290e-01
1.041815886553976167e-01
9.919549421743081852e-02
9.420939952434365106e-02
8.922330549917030507e-02
8.423720972537580842e-02
7.925111852953098390e-02
7.426501534845827979e-02
6.927894354511957009e-02
6.429278959380677061e-02
5.930685070868219055e-02
5.432034877296698649e-02
4.933532092283543502e-02
4.434643386654356367e-02
3.936765034314898548e-02
3.436241542722281994e-02
2.942643115599412329e-02
2.430914634320458997e-02
1.966651251040011858e-02
1.378122627920129635e-02
1.114924626320047164e-02
